%YAML:1.0
---
camera_type: Daheng
camera_name: Daheng
camera_matrix: !!opencv-matrix
   rows: 3
   cols: 3
   dt: d
   data: [ 1.6977000000000000e+03, 0., 643., 0., 1.7043000000000000e+03,
       4.8189999999999998e+02, 0., 0., 1. ]
camera_distortion: !!opencv-matrix
   rows: 4
   cols: 1
   dt: d
   data: [ -8.3799999999999999e-02, 3.1750000000000000e-01, 0., 0. ]
resolution_width: 640
resolution_height: 480
auto_exposure: 0
exposure_time: 4500.0000
frame_rate: 210
auto_white_balance: 1
